EUROPE_1980_p3132.txt: 0:00:00.364376
wow_1973_na.txt: 0:00:17.288946
wow_1974_na.txt: 0:00:17.560741
wow_1975_1976_na.txt: 0:00:20.319542
wow_1976_1977_na.txt: 0:00:21.857394
wow_1977_1978_na.txt: 0:00:20.999577
wow_1978_1979_na.txt: 0:00:20.876526
wow_1979_1980_na.txt: 0:00:18.737281
wow_1980_1981_na.txt: 0:00:22.564540
wow_1981_na.txt: 0:00:24.675862
wow_1982_na.txt: 0:00:27.318353
wow_1983_na.txt: 0:00:29.920646
wow_1984_na.txt: 0:00:28.225424
wow_1985_na.txt: 0:00:28.868964
wow_1986_na.txt: 0:00:29.240712
wow_1987_na.txt: 0:00:34.362066
wow_1988_na.txt: 0:00:33.678113
wow_1989_na.txt: 0:00:33.248553
wow_1990_na.txt: 0:00:33.698717
wow_1991_na.txt: 0:00:35.499570
wow_1992_na.txt: 0:00:35.741691
wow_1993_na_2.txt: 0:00:35.525569
wow_1994_na_2.txt: 0:00:49.732940
wow_1995_1996_na_2.txt: 0:00:45.533947
wow_1997_1998_na_2.txt: 0:00:53.592534
wow_1997_na_2.txt: 0:00:52.549347
wow_1998_1999_nsa_1.txt: 0:03:02.822397
wow_1999_2000_nsa_1.txt: 0:03:11.905878
wow_2000_2001_nsa_1.txt: 0:18:28.790203
wow_2001_2002_nsa_1.txt: 0:02:44.802265
wow_2002_2003_nsa_1.txt: 0:02:32.797117
wow_2012_nsa.txt: 0:11:35.240032
wow_2013_nsa_1.txt: 0:16:36.052698
wow_2014_nsa_1.txt: 0:02:29.412624
wow_2015_nsa_1.txt: 0:02:21.851373
WOW_EUROPE_1980.txt: 0:00:59.065909