EUROPE_1980_p3132.txt: 0:00:00.411154
wow_1973_na.txt: 0:00:16.768014
wow_1974_na.txt: 0:00:18.124195
wow_1975_1976_na.txt: 0:00:20.323735
wow_1976_1977_na.txt: 0:00:22.375493
wow_1977_1978_na.txt: 0:00:22.903670
wow_1978_1979_na.txt: 0:00:20.525394
wow_1979_1980_na.txt: 0:00:18.609134
wow_1980_1981_na.txt: 0:00:21.989798
wow_1981_na.txt: 0:00:24.023283
wow_1982_na.txt: 0:00:26.263147
wow_1983_na.txt: 0:00:28.445458
wow_1984_na.txt: 0:00:27.194342
wow_1985_na.txt: 0:00:27.766831
wow_1986_na.txt: 0:00:27.778500
wow_1987_na.txt: 0:00:30.309279
wow_1988_na.txt: 0:00:31.236770
wow_1989_na.txt: 0:00:31.249765
wow_1990_na.txt: 0:00:33.769017
wow_1991_na.txt: 0:00:34.582559
wow_1992_na.txt: 0:00:35.147156
wow_1993_na_2.txt: 0:00:34.475618
wow_1994_na_2.txt: 0:00:49.077368
wow_1995_1996_na_2.txt: 0:00:43.464884
wow_1997_1998_na_2.txt: 0:00:51.806228
wow_1997_na_2.txt: 0:00:52.917681
wow_1998_1999_nsa_1.txt: 0:03:04.974348
wow_1999_2000_nsa_1.txt: 4:18:49.152745
wow_2000_2001_nsa_1.txt: 0:03:01.939778
wow_2001_2002_nsa_1.txt: 0:03:21.832441
wow_2002_2003_nsa_1.txt: 0:03:15.547653
wow_2012_nsa.txt: 0:03:05.234626
wow_2013_nsa_1.txt: 0:03:08.168386
wow_2014_nsa_1.txt: 0:03:12.756027
wow_2015_nsa_1.txt: 0:03:07.794252
WOW_EUROPE_1980.txt: 0:00:58.878234